0.0
0.0
0.0
0.0
0.0
0.0
0.0
0.0
0.0
0.0
0.0
0.0
0.0
0.0
0.0
0.0
49.54722222222187
63.598611111110806
54.88472222222202
37.44722222222216
16.065277777777787
49.54722222222187
85.31875000000119
148.64166666667077
120.18055555556002
108.53854166666892
99.01197916666818
74.49270833333415
29.741145833333157
67.60156250000213
174.5118055555587
270.4062500000105
74.8101851851857
47.98208333333281
44.774166666666204
33.91166666666649
16.392083333333353
26.93166666666632
81.09270833333373
134.65833333333617
0.0
0.0
0.0
0.0
0.0
0.0
0.0
0.0
73.89537037037023
36.55625000000008
34.42827380952392
25.638690476190536
9.971726190476227
13.572619047619103
62.52326388888878
95.0083333333346
0.0
0.0
0.0
0.0
0.0
0.0
0.0
0.0
109.76458333333508
41.760185185185215
38.40208333333352
30.01574074074086
11.123379629629667
12.196064814814946
74.43645833333333
109.76458333333508
