0.0
0.0
0.0
0.0
0.0
0.0
0.00.0
0.0
0.0
0.0
0.0
0.0
0.010.126388888888876
12.84722222222222
11.72777777777777
7.676388888888882
3.3861111111111075
10.126388888888876
17.58229166666665624.151851851851752
21.73333333333327
19.331249999999947
15.647916666666621
6.176562499999999
13.585416666666612
34.68819444444438514.850694444444443
9.457500000000005
8.951666666666668
6.440833333333334
3.1170833333333365
5.34625
16.493229166666670.0
0.0
0.0
0.0
0.0
0.0
0.015.550694444444469
7.8529761904761894
7.493452380952385
5.114880952380954
2.148809523809523
2.8562500000000015
13.0572916666666570.0
0.0
0.0
0.0
0.0
0.0
0.022.85208333333337
8.735185185185175
7.73587962962962
6.345370370370361
2.2208333333333323
2.5391203703703713
15.21171874999999