0.0
0.0
349.14913686001915
0.0
119.75857846451039
34.195994617224926
14.279539664583362
3.8567972916666675
7.773335416666671
63.34818865351782
46.934805627533215
143.26452518220083
32.03951758350621
17.845769355350658
4.395385416666667
9.87831385833334
74.74029751384528
61.89419843109232
122.5223858933941
30.840172449826177
17.99480010676253
3.672687499999999
11.371047916666683
67.59224128725417
53.629000193214594
126.08574980286751
26.249394101708297
22.606125317416645
2.837291666666667
13.788632403250018
58.59691458693287
69.26800396882768
154.19854354829948
19.16394034802086
38.26087166228419
8.74208333333334
19.550839116114602
6.225431250000004
24.832216821206718
127.35358183798604
140.24633280966805
19.348561666666654
31.114114479682694
6.470601250000001
20.963529439799597
3.8125000000000004
16.67412261875004
116.61199567134905
131.38786464500606
21.77542481041666
35.464666414479765
8.815366250000011
22.40166441458332
5.960458333333337
16.59369337708337
113.3725499657573
144.45218783314078
21.913420712535217
32.693105585374965
8.93979166666668
18.814209882916693
3.1791666666666663
25.629635826124396
118.44685334783605
243.4301385974474
240.39338728393625
49.400713574060106
45.73305657105897
133.78949159096365
130.8438982437221
3.55062069334775
2.93823168929094
0.0
7.028806950844635
43.92828341712956
10.532350372942773
1.8729166666666668
0.5041666666666667
0.8520833333333334
3.0261616915109353
19.965531751440285
64.5154108154492
2.455857596729169
3.817281294361821
0.08750000000000001
1.7084766155833335
20.08347869841674
19.02807221901785
67.62636253749037
6.419742067901835
5.252267285481936
1.2828389157083333
1.1270833333333334
10.910693461152555
29.102767775198966
84.43196628689287
0.16458333333333333
6.243319648975326
0.6314583333333335
3.4955195773198646
24.94228392352964
38.72842248057093
80.56599326716163
15.576388334338336
2.9041666666666672
0.6593750000000002
0.16666666666666669
0.0
15.609786736032136
33.47577215925229
90.40508604377077
5.280884273973657
1.1760854165625
0.4229166666666667
0.5329979166666668
0.0
20.52832403995194
32.62061936193926
76.45762098410472
7.297002182178888
2.3656555626222113
0.0
1.658670014791668
0.0
19.234738501447353
37.83820880515235
86.83352585582095
17.138857285920153
2.8991533299696925
0.16666666666666669
1.461493933659209
0.2541666666666667
14.889614474991069
38.86826169579044
209.27329915297736
193.01593295583672
19.73996200258915
29.78644492950214
58.38338106843483
51.01358874071677
0.0
0.0
0.0
9.873453068592344
98.11081771665616
17.320367383811202
12.733491671254045
2.381211395833333
6.927973399028429
31.06801545603356
45.136980760932644
119.05147927604024
20.50181761526995
15.304780581716063
3.3749585416666665
7.771527785954172
33.76137141859823
54.037628514923185
97.2426713838983
19.885162239497713
12.375316697695318
2.7926698012499993
6.377738168958335
34.55459667372182
44.99265620654241
108.92481500071065
17.5865560348124
15.036171918594844
3.3073914791666654
8.485191377636363
39.78599168494802
61.07135237917451
123.4077459069514
18.490190593890013
9.47163412099767
0.3395833333333333
6.029216954147924
0.19000000000000003
30.58261196229244
77.7439322586176
120.55575267288008
22.123769639790694
21.739755953546684
2.2075733333333334
7.877817263565564
5.278450760371496
26.5298609683478
85.10566429792068
110.02856957513757
17.027749920711
14.255683350808535
1.088203291666667
7.196027382387694
2.0010375000000002
28.690946344672458
77.34326799485751
127.30025547619711
22.11932073436232
19.043178825428015
1.8971698854166674
11.377014831070847
0.08541666666666668
28.292786057854304
94.51043276897408
225.95626623665896
221.0811726843378
33.99556137336867
41.96955184232277
106.36879848332676
102.19921079385203
5.047837257178619
0.0
0.0
8.25571840578272
98.24284450016079
12.402852742484729
9.773611120581222
1.7187500000000002
5.2112506915575
21.155572805631877
49.26999971087402
119.55585361308471
17.234693410849527
18.64741814922334
2.6463450416666667
11.724544714623844
33.46227640715301
56.34781920803306
89.9629541793438
22.66961768303274
10.285437328192902
1.7438483333333334
5.927518020690836
29.831699363694618
40.72883737336474
103.41836398820827
20.11592718363295
10.630280098675307
1.1040812500000001
6.912052500000003
27.467011118428836
58.15613116301621
127.40295882192358
20.29213725931678
8.35850983672917
1.115
3.4032907375000025
0.1625
35.31065904721363
79.15924344060775
112.53651270730083
36.195561884552006
10.150335836147047
0.6797916666666668
6.214488891547836
0.7666666666666668
30.885405482549693
60.158251091499444
106.50899316667561
35.86999348367216
5.68003515712042
0.08750000000000001
2.760584295625003
0.5027083333333334
28.522992147136566
49.07103629783936
126.80325618961356
25.237436938242524
14.028614498523558
0.25
9.220369230133139
0.2627083333333334
29.14718179119402
85.31437660808184
227.67865242176887
226.0490229570903
44.868028360424326
43.86638816630642
104.30407081622177
105.56329956213013
0.0
0.0
352.63241807777746
0.0
132.48333333333574
31.283333333333335
16.060416666666704
5.35416666666667
8.622916666666669
77.81875000000055
54.6645833333333
152.45416666667023
40.91874999999996
21.493750000000013
6.3312500000000025
12.13333333333335
84.68125000000084
67.77291666666679
125.78750000000201
43.40416666666666
18.183333333333366
3.2729166666666654
11.835416666666685
71.68541666666701
54.10208333333337
124.85738395833535
46.504166666666606
29.070833333333304
4.15
19.404166666666676
50.19964583333332
74.66666666666718
160.91250000000394
16.127083333333374
44.84583333333333
9.593750000000004
27.147916666666692
8.104166666666668
25.764583333333306
135.14791666666912
144.97708333333617
40.885416666666714
31.622916666666633
6.416666666666665
21.437500000000018
3.768749999999998
26.006249999999987
118.97083333333497
133.0666666666691
36.23333333333328
30.98749999999994
6.175
21.46041666666667
3.3520833333333333
19.168750000000028
113.8979166666683
148.68541666667005
13.562500000000028
42.46041666666666
8.520833333333341
26.954166666666687
6.985416666666665
23.695833333333333
124.98958333333526
250.6453836775243
246.39832500307745
51.260416666666714
47.78541666666665
142.68673115079338
142.33488002664976
0.0
0.0
0.0
8.880910200734188
6.05229166666667
12.550128575019247
0.7687500000000002
0.08333333333333333
0.3479166666666667
0.9583333333333335
3.5329166666666687
55.107325460500675
10.674337530835539
5.1888528144216055
0.7043708541666667
3.169354166666665
1.2791666666666668
27.597403496989045
76.93764124947
7.2883046106894955
8.127399623729454
0.6608333333333333
4.901800239872822
12.10348542892898
34.08071951291215
74.00475416959107
0.43541666666666673
5.047525658094463
0.273125
2.8819213435693443
15.96641008995137
32.11009880359102
29.046747918689054
19.32009448387669
0.0
0.0
0.0
0.0
8.369451734583995
4.155220319964044
84.81330299466777
17.070418582430214
2.7646879355333356
0.7356333333333334
0.5041666666666667
0.09375
17.13386023965403
38.580499077738345
65.79791775623859
5.5481559397824
0.24583333333333332
0.08750000000000001
0.15833333333333333
0.0
19.812349553817317
7.542388463122277
59.230035303877514
18.73987544818475
1.3445159724312503
0.08750000000000001
0.26875000000000004
0.10543750000000002
6.2687280929125055
36.31053715977083
170.13012046860268
161.7202900626914
14.078067407900312
25.17072837478755
58.1591123630637
34.55537020459573
4.263368687086765
0.0
0.0
6.904254023845893
75.4942912508834
9.489678250362648
2.708166563870509
0.5145833333333334
1.5647978236250002
19.546772926563044
30.70609568416041
115.66544561205839
6.986048500000005
11.385047778075792
0.9408125000000002
4.269715665879305
35.51587767772168
47.42729512986513
89.03059041015966
7.3853915586310634
10.286669904909312
1.3759410833333334
5.506536664218753
18.560836608590925
40.01177439222484
105.2637952168185
15.983918939041457
11.888091851483656
1.3255463958333336
5.468017037087835
36.90363221368196
50.669811344664424
112.68607112604352
17.04559957689111
12.628125126003368
2.0154812101062642
3.392612500000004
0.6791666666666668
22.59775157680977
57.81815767493521
105.2274016508223
25.209412226175733
6.559721525722571
0.6688633333333333
1.9477699791666678
0.44958333333333345
17.10327064046856
69.29543143996734
102.26564652062055
20.775143427505746
14.156848383368486
3.3732636612916687
1.79581020416667
0.19666666666666666
23.36470345948159
67.73545773432886
124.36395612690849
17.399664111330058
13.345715048968742
0.9204375000000009
3.6279393750000026
1.736608333333333
22.620813315204828
83.19956241381702
218.0238608909391
217.7977963633087
34.94367528400283
39.908351972908825
90.21001391093118
80.07108612634893
0.0
0.0
0.0
5.897823048529576
69.98354473572061
13.802233565742128
3.526560217620512
0.4887500000000001
0.9864583333333335
18.528750624819033
27.445048293655894
84.92201537723227
12.967665285010275
7.0900560352722835
0.7595625
4.136299622545627
8.380585222262827
37.84183507360523
68.83961820847577
18.857939412368328
6.430926528449779
0.9779720833333334
3.408733411114669
8.696449714834605
31.702206348710728
95.13319966660696
2.6416666666666653
7.597759248231215
1.2089293749999999
3.2937772977078126
18.20651107332933
52.4539941348954
69.28928943621682
13.056196208393754
8.761155787421309
0.7583333333333335
2.5774215569963723
1.7729166666666667
9.496420761109057
35.79480693107079
98.56508707061484
11.747586934619223
6.499927360821089
0.8803616666666666
2.6726246170553356
0.0
25.659439408469645
33.50924816970024
82.33627317104613
11.635803158249198
1.3583333333333334
0.0
1.3583333333333334
0.0
21.794804688028414
17.958555037540258
70.94822188379489
12.828419954166684
6.067605597916673
1.6185416666666668
2.583528333333335
0.9416666666666668
6.448382067909016
45.42397150906155
219.58849693848396
214.11307683767245
21.69924121161289
36.49001216322178
58.379411013764084
65.77244047275302
0.0
0.0
348.4054774401384
0.0
119.87420749020357
25.199124143906648
11.276633333333349
2.754166666666666
6.965718750000004
64.01031548403074
44.43919079588318
142.33974019950995
29.778503370674926
12.415725142161271
3.2193906249999995
6.648958333333334
74.82558783485614
56.84630876283411
117.90857828043093
34.91077845469388
13.467051065925387
1.964583333333333
7.551900137500004
63.665244489675054
44.84065583528576
124.32244058065106
21.980833697196715
24.646927606542917
5.297148750000003
13.234389033159186
55.32036626105639
68.49226220222681
150.3560721449196
9.422507321875013
29.370200665865077
4.1847916666666665
17.107312260572947
5.08125
22.016750648111408
121.84364474921954
139.69710481638413
18.08654834154168
27.72131645744973
4.1362154166666665
18.40493842249937
3.633745833333333
23.060405439327095
114.61691850634021
129.02542577451192
18.142777309577742
30.19577447656947
5.722260246750002
18.87132797541254
3.953595833333334
18.912658905263562
110.09005077899292
144.38981676683386
11.045197518093453
34.23038128383135
6.702201320478756
20.994636541271923
5.440449335208333
19.59294314527545
118.84004154752493
240.9323727181535
238.7468450313558
37.5326333699241
43.99915935360835
127.08590937853246
123.46048441747865
0.0
0.0
0.0
1.1070877938960013
0.08958333333333333
0.4270833333333334
0.0
0.0
0.0
0.0
0.08958333333333333
42.6598491754815
0.0
6.0408486664546475
0.20227083333333332
0.0
0.0
18.942401117140555
0.51875
0.0
0.17500000000000002
0.0
0.08541666666666668
0.08541666666666668
0.4333333333333334
39.66203936829525
0.0
0.0
0.0
0.0
18.88250939177431
0.3395833333333334
0.0
1.6637139945985362
0.0
0.0
0.0
0.0
0.0
0.0
4.314463422557614
0.0
0.0
0.0
0.0
0.0
1.892070102016207
0.0
40.57465157925889
0.0
10.414263102493436
2.8541603071250012
0.0
0.0
0.5145833333333334
34.16983643164963
19.777028579852928
0.5125000000000001
4.642494661250004
1.3518833333333338
0.0
0.0
0.08958333333333333
15.726706155275135
150.8118833178879
100.53314086167285
0.08541666666666668
7.858934447209605
4.0271666475745835
3.2000242474930727
2.335588208484803
0.0
0.0
4.791395438389447
25.02204713693835
11.527210781211979
0.7562500000000002
0.41875000000000007
0.3375
10.309429739925262
4.011580246285472
40.0916272655298
2.0014625
4.142974816808739
0.08333333333333333
1.327831110298066
1.5133843556624589
19.30804878280744
71.73713491476522
1.2970530624999999
2.9381658518891896
0.5916666666666668
1.7496084689583342
11.990043117198812
30.991482322931265
58.999147053186924
12.127125833333324
3.3451531330782722
0.08958333333333333
2.1182713178365313
4.14232906656809
30.58582995375415
50.0952790777888
11.782815735910361
0.4291666666666667
0.0
0.4291666666666667
0.0
2.8292179185158886
36.707104883395886
86.36343547285928
13.455273653285667
5.316528412365333
0.5566533333333333
2.389789583333336
0.0
11.528940149586088
50.80318555625673
42.19676792116988
7.447025310416663
0.47958333333333336
0.22750000000000004
0.2520833333333333
0.0
10.583690075833694
9.65884304132479
67.10716316754576
13.159307354829393
6.542610416666667
0.57375
3.0025625000000065
0.0
10.732142853195883
34.45111567857967
187.64276806211737
176.34503305591875
28.398449118751202
23.602643309543613
56.806610865165474
34.20216087562457
0.0
0.0
0.0
9.055642449991474
100.87252646899826
19.775410204669495
9.204259710416679
2.0820833333333333
4.498250187500001
26.42292264642143
46.30468530535669
124.36105745751479
21.35291594338304
15.83327631069476
4.636220833333335
7.632071319346298
38.030949935101276
58.502045019906404
92.94436302228338
17.157277288167414
13.130236592103074
3.1030085620679158
7.334447946563356
17.762231456948733
46.464110047155984
110.95590424179107
19.025909611440184
13.758422724301147
2.5196354166666666
8.528505999448589
36.943167493687284
61.01367272029745
137.65764155154415
18.134124766576694
17.08728854283627
3.434378457708333
4.623647774666671
2.3805416666666672
33.40848713370756
80.26421843658798
118.53344508128626
26.256156360147266
10.753045146044657
0.9392820708333336
6.12909736710991
1.1049333333333333
31.95356222871342
68.11349458023473
104.08028674427895
18.31641623018129
10.608643077309527
0.8585208333333334
7.038037741981262
0.4545833333333334
30.94916041019987
59.47103847228347
126.7824426729346
23.723756293118402
10.942270619752836
2.8706754166666664
2.778074586954167
1.645
29.83030998467784
79.72158901360473
232.01346631772532
228.6214912669319
42.54493108101675
44.202864411805855
102.27767657877021
100.4037222632186
0.0
0.0
0.0
8.504227329565387
76.75101033140157
16.238012278031174
7.465412913375005
1.4220833333333334
4.238783645833332
22.54037268554248
35.40637766891665
110.53814841467168
16.9440460263631
12.799565943517292
2.5636637962499997
5.95556733629167
17.49264988253502
52.20052642572227
92.96575416788762
14.413210780807434
11.968480142858162
2.653605541666667
5.9182979514128995
24.114994756550537
43.912191907582894
102.79762562166377
9.108536395385832
14.703366784580574
1.7077002083333335
8.200684012573284
22.977518211866332
58.81087833078803
103.19510972318514
20.108746458775745
4.840579844834386
0.6702083333333333
2.530465569963726
0.6833333333333333
27.16149311549341
38.812548719063
111.28630027057592
25.197413740828544
4.181811625505951
1.7155529166666668
1.3184665420424806
0.16875
30.574536966915556
51.371010931297064
96.32974911361941
18.106427423535642
10.70240484456447
3.5189558879687497
1.3756466699641243
0.08958333333333333
27.549267172101786
44.73409300370784
115.49737730029359
23.023435712516093
12.093623002312736
1.5937266708333333
4.805923433347925
0.3634314583333333
25.373407722580055
74.5815302287481
218.43654086843756
213.30823697127357
35.02792519684518
36.78414779490855
96.9270661889703
86.70468842189857
0.0
0.0
0.0
9.120617942490192
114.82651093967542
14.982117278655053
15.068585495802978
4.779624047916667
7.850620500000009
41.36619948277988
51.407375192573284
136.50091554575687
23.8026357570443
18.646300803025902
2.8397455375
11.469504943437594
59.398178906880375
61.816952666549
104.34757509609153
30.30430205324999
15.734968773637384
3.823862408041666
8.621804971166672
43.76307084596695
48.65228707900263
116.65587375415447
33.194700741683604
17.669846716657155
2.8018028229166663
8.800301872792847
37.829651074929075
66.10446995621444
144.38488766920347
18.929155173407214
17.110860625041752
3.4876164701479166
2.7350670395833356
1.3918750000000002
34.971221378778196
96.45310976040165
127.89725297385125
36.974463777832526
26.713580444753347
3.0990499999999988
15.078880711660002
6.74504791666667
28.144371720883253
93.35350840721539
119.7292600833623
25.92854603494645
22.22828281162701
0.9601170833333332
13.044706900767032
6.489041666666668
29.243171512276838
91.29587726175198
134.97023903127703
16.268138023780995
15.644662327903575
1.2340895375
4.461810628968758
2.05761
31.038728754542884
97.8387375707099
239.12016694505377
234.85878763127323
45.337587024013914
42.33966347415959
114.43398545658611
114.26174119965341
0.0
0.0
343.27077426619655
0.0
107.841531487657
23.7159761595542
10.692938779791684
2.7136256249999993
6.0135208333333345
51.406946352320844
40.131089017898304
136.05012131256893
24.63815658332852
10.88301095076523
1.6999375
5.799456145833336
66.70142799626429
53.22530546572115
107.5552367492111
30.358825885419833
8.677717937500006
1.6908333333333327
5.064333125000004
55.67065630011538
37.60057703534524
113.9998988120284
17.807867306875007
14.363058609445947
1.6805125
6.0186719958333335
45.773798076933616
59.43090924156847
142.05196928662497
6.257938534270837
30.297144407967572
4.9393228124999995
15.303849741904408
1.9412500000000001
18.156875688271008
114.36963400154751
135.51794653415539
6.617211541666669
22.86269217321636
3.879953227083333
11.899415058522782
2.660708333333334
19.77018690677194
107.51623704515707
124.38806014372838
5.913750000000001
19.658766044183462
3.429224125
10.194955750687104
1.6712708333333333
13.308638632947197
106.0716556815632
137.79783642497
7.75685956854167
28.35035874960311
4.500352916666668
13.019504468850023
3.337219874999999
17.74218587960786
112.19365590548846
233.31334351785404
230.1022397338187
38.602002882403426
39.58789971045729
114.92266453626306
108.58992234762714
4.056317000047707
2.835326881762032
0.0
8.69675505435508
79.72051593919508
17.325774884677077
6.466293562309769
0.9343750000000003
3.342067095000001
14.522637517692331
35.93198241594638
112.58857778183446
13.225911627238114
10.688247910738275
2.164416666666667
7.161644436313996
37.54112090723884
48.84049153373654
95.70783753035869
13.150104385091424
9.630981489772896
3.372281374999999
3.372311668750001
24.077768564759157
43.23382590498433
110.96529229960574
8.852805097568108
13.869752551055361
2.385469460625
7.52227603226171
31.409308982543266
61.218217641302616
117.9799277126682
20.909166140299554
4.690357083333335
3.158333333333332
1.1427916666666669
0.43750000000000006
26.18504759134829
66.88103406014028
112.67217221675972
21.318519891809164
4.192544797152959
0.6647916666666667
2.6002541663333356
0.2520833333333333
27.22154598653774
72.39537265859917
106.29787165332638
22.540519515795864
7.850581796949837
1.5030754166666669
2.637893537500003
0.5742083333333333
25.44384060494385
68.86483908670336
125.54494191358918
22.028861825535586
23.1789108488934
3.327000488297876
8.445164507381367
2.204767354166666
23.81271347778384
89.55723620186787
226.42955311857773
221.25350993212345
39.67849348966688
42.969727464528646
98.56550030735073
94.65217542405402
0.0
0.0
0.0
1.6759168908946775
0.17500000000000002
0.0
0.08750000000000001
0.0
0.08750000000000001
0.0
0.17500000000000002
0.6208333333333333
0.0
0.08750000000000001
0.0
0.08750000000000001
0.0
0.6208333333333333
0.17500000000000002
0.0
0.08750000000000001
0.08750000000000001
0.0
0.0
0.17500000000000002
0.61875
0.0
0.08750000000000001
0.0
0.08750000000000001
0.44375000000000003
0.17500000000000002
0.7083333333333334
0.0
0.0
0.0
0.0
0.0
0.7083333333333334
0.0
0.26458333333333334
0.0
0.0
0.0
0.0
0.0
0.17500000000000002
0.08958333333333333
9.628594734783421
0.0
0.0
0.0
0.0
0.0
2.7097099481667213
0.08750000000000001
0.70625
0.0
0.0
0.0
0.0
0.0
0.70625
0.0
159.8881046235429
84.7965936041283
4.038771733634232
9.311966237127342
0.3770833333333334
0.9439238385138755
0.0
0.0
0.0
8.309784605400655
116.46079120096852
22.267473018916867
14.966038911633072
3.9667083333333317
8.805202685158342
31.759360253579484
54.43618727289099
137.21389945699224
25.814174935819096
21.266010085557614
4.960194958333334
12.766544824752312
54.63350756428705
64.80469167422363
109.42560881263886
32.84178235439339
16.439075883928975
5.094304166666667
9.575746178958346
49.490997045951715
49.59474516517449
117.55163076020253
30.61540495878682
18.936554264413225
4.218460416666665
11.13152297707813
41.536997100335924
70.55939198567998
146.95180002497113
17.576361816504456
20.83580783122336
1.5645833333333332
11.886975510033661
3.9020833333333313
37.51628092325784
92.12263175227152
134.51526576573573
32.95043524897473
19.553566127029292
1.5485833333333332
11.601375236829593
2.0790208333333333
37.876799835612786
93.95460546717435
120.33827077373999
31.665490438339564
12.809840588798156
1.3054817177083335
7.977910020833339
1.5008770833333336
31.432053195351518
87.61146215273945
138.20901627058134
24.71166741590648
30.225398418249355
6.73951041666667
16.602001354045864
3.2655645833333327
31.856687258722026
105.91979518642104
240.7165345191624
237.52902029562756
43.9439429042158
44.54903294051381
123.8503380232384
119.37452846524202
0.0
0.0
0.0
8.376001221431206
115.59682727981593
20.181876801898323
14.346079454166698
3.1985
9.189279166666672
39.22372983458901
55.09546213418163
135.74297467084557
31.836955079666637
19.795910884880104
5.076875000000003
11.435195266666682
61.466498207514896
62.940913773853865
107.44850968363154
26.86469983185762
17.53037122881424
4.112409583333333
10.386731656250015
41.6100055082246
51.78901199030659
120.80498950710891
34.77805618077066
22.272732928452907
4.914483729166665
11.138696558587121
45.258630249205034
70.21178191140547
147.93696872903882
30.90674763473016
29.375162666331136
2.8939583333333334
15.914948708145866
4.380633749999999
35.10905389534307
111.56404731872271
129.18446527345816
50.96722546678025
27.00240274888723
6.314450000000004
17.921250893738442
1.7249999999999996
33.841372328708005
90.72201723972638
121.30840945964238
42.5215594269084
25.63876544174818
5.500111254166666
15.770324415270453
1.5625000000000002
29.30084396243833
91.08140491720746
138.14068649590604
35.897100060633306
23.912432114386483
3.1354787083333333
16.198928689250035
1.4708333333333334
31.112349991510364
106.94552264620967
242.32329400431382
239.250225594923
52.46846314168807
47.74505122652785
127.08792650342754
129.98377165874723
7.355065929533767
0.0
0.0
10.03174219210743
107.01369036021623
21.019374560914795
12.141033157083356
2.5497916666666667
7.313480833333334
46.96086790278834
50.32994151770664
135.33399121580072
24.686775222055715
17.87487989103682
3.083708333333333
9.953351514583346
61.66164739958383
59.239790881058326
102.81600071449412
32.60178401616312
16.841031643530304
4.388236666666667
9.896353461666676
40.42229753234116
48.378356743301524
120.40564379168264
24.35891483277023
20.98789681007342
2.5758510416666667
13.00323202982927
47.380724150018835
69.90989633239711
145.33212440831153
20.904250751129407
20.37776410924311
4.9030125
9.844319030929267
0.3479166666666667
33.6825075988486
112.41190081627857
128.54490410835757
30.823932294575926
13.277216353603063
2.6813040416666665
6.808738428609675
0.5229166666666668
31.089059842134493
85.49614673483849
117.49753869688703
31.937287504539857
18.99238584981775
4.275088857100105
7.708550032974573
0.35416666666666674
34.04061116542661
87.88118612789681
132.44331589148487
19.91947555986473
17.97549605579821
1.2337500000000001
10.17210676257309
1.5182708333333335
31.88861127444499
98.60169471734778
237.87836861803066
232.87242590918436
38.46677480585482
43.415587296020824
116.44765496152479
118.06503457822389
0.0
0.0
340.4480077136701
0.0
93.72230382731637
16.85929194354266
6.66706672080084
1.5289422916666668
2.6909078958333343
34.8410176915035
29.660152713663162
118.8235971926577
15.121935435224216
7.6784142291666715
1.35
2.9502291666666682
48.88307310967982
42.45328635213842
97.79043904241678
18.558428685568764
7.6625387934174825
0.993125
4.28495983291667
40.720472332368026
33.35501964907666
110.05752924622627
9.046184640553001
9.994327825256907
0.5958333333333334
6.8420952747491715
46.18473423819597
41.584533899816336
126.46342427989268
3.820114283229168
18.44196044248348
2.1202083333333337
9.767963438058683
0.6854166666666668
9.69013576384901
100.70649806679326
125.15780688836477
1.2389187500000003
16.87237107062606
1.7133125000000002
9.6208005958508
0.46354166666666663
10.679328135191014
101.40822969664808
113.23440378371839
0.8604166666666668
21.51841382902476
3.325351212916667
8.325335663093128
2.3084687500000003
8.98492122842491
92.90724626189987
122.73049290263931
4.089383818346955
23.0518861082067
2.6802013137500014
12.017111111027067
1.9927710416666666
15.212841197215683
88.92436313478747
229.78628755150982
223.01388959620536
23.38675106082341
36.8217662914259
90.37490917568303
81.5734534956868
0.0
0.0
0.0
3.864221028325067
44.56729810146838
5.336572021648168
2.7162843655291677
0.41958333333333336
0.6434327187500001
1.0546458333333335
21.815594032884093
56.86236217161802
2.855000000000001
1.4708333333333332
0.09166666666666667
0.9520833333333335
4.514960468632452
26.406579340629428
57.045343463520474
0.9583333333333335
2.2393064291666676
0.3643958333333333
0.8729166666666668
15.062200420414609
21.122670182619096
79.8991672407501
3.372708932263196
4.494996644224014
0.6958333333333334
2.707154309615126
14.990315366173853
40.90087279098492
80.43316276325403
8.92754137867352
5.001585293958337
0.6154166666666666
1.471528125000001
0.08750000000000001
15.835502865371426
27.160016501913688
65.58166298597466
1.9305969288436566
2.1822916666666683
0.08333333333333333
0.08333333333333333
0.37374999999999997
12.566277638692796
28.49526704734854
54.75420046523888
5.939384088090299
3.0458333333333294
0.17083333333333334
2.050208333333336
0.0
13.4240557476787
24.48907397774802
88.45769180812707
5.085567741875531
5.862601080479166
0.08541666666666668
1.6110335945833358
0.7056249999999998
17.835716536396248
35.34979231793528
196.54509902168337
187.72190706194556
13.382035325603127
33.13337665964595
48.30979411047996
37.430510590344525
0.0
0.0
0.0
5.262906134266606
24.514897895517603
11.694326963628775
1.9885227083333334
0.1729166666666667
1.1020833333333333
0.7916666666666669
12.728306750940954
79.16493031508216
1.4825000000000002
5.062144367264539
0.8452854537500001
1.387972939583334
5.883028325140588
36.454874458274325
40.44297358146648
7.019447812462271
3.390818066022481
0.538
1.5382010416666667
3.745266379350322
18.94254801361881
46.32867235375179
0.18125000000000002
2.3471295023195826
0.5330833333333334
1.19294554375
6.824633999520733
21.93115149998899
63.992540354299535
12.43771638033603
0.7678541666666667
0.0
0.5394791666666667
0.08541666666666668
14.53680256042024
21.201747628420403
76.02872783508661
2.1939000000000015
1.799662378750001
0.0
0.9828644166666669
0.2591666666666667
20.938226018193564
17.936804234665097
33.494664427068265
11.66793334650576
0.6252451250000002
0.24250416666666674
0.1729166666666667
0.0
9.273056715533508
11.37006442050774
68.18427481052599
16.41155273153776
5.877953730708331
1.550229166666668
0.5425083333333335
0.0
12.411230840042165
22.606663287727308
196.9707570862182
194.25298491504657
10.402716979158331
37.86894297820622
47.915461068621916
39.57431766369613
0.0
0.0
0.0
1.2605692582965524
0.4354166666666668
3.988094286743437
0.17083333333333336
0.0
0.17083333333333336
0.0
0.4354166666666668
17.742958568920923
1.0470254554718765
0.08750000000000001
0.0
0.08750000000000001
8.159520833333367
2.1297357000998187
14.961655059822384
0.0
0.25000000000000006
0.0
0.17083333333333336
0.0
7.13555150786542
0.25
0.25416666666666665
0.0
0.0
0.0
0.08125
0.16875
0.6083333333333334
0.0
0.0
0.0
0.0
0.0
0.6083333333333334
0.0
17.542400625177613
0.25416666666666665
3.222789348699374
0.8725664291666666
0.08541666666666668
0.0
0.2666666666666667
12.845700856575474
0.5083333333333334
0.25416666666666665
0.08333333333333333
0.08333333333333333
0.0
0.0
0.17083333333333336
0.3375
43.71165316875049
0.0
0.0
0.0
0.0
0.0
7.29350000000001
0.0
174.74298748471517
118.44740808304313
0.4291666666666667
16.53272216479167
7.633185280420545
0.9283953013287767
0.0
0.0
0.0
2.3947308186784895
59.28229683971037
0.0
3.1142352768750023
0.8912818125000002
0.42500000000000004
18.53956166492932
14.575255790827129
91.1841136983306
2.735223033333334
5.580931191154275
0.0
2.4280447558333336
28.176314822441643
25.726720776329216
56.67576379174634
1.626185257024629
7.0103580245533745
0.7590833333333333
2.9180830927083345
7.073324911818307
25.331527662539216
47.565233272439436
31.428742405402797
2.771760528610192
0.0
1.5677796769720715
7.954263529803623
19.806518294059867
107.79172603841177
8.445083928526445
12.939234754422301
2.0864656192225044
3.10113058125
0.5760416666666668
13.08190926278936
64.69496872531211
81.09128706213774
33.42711204698318
0.4733333333333334
0.2652083333333333
0.08541666666666668
0.0
9.990338956162189
44.258622647467746
58.47128199285056
28.90282275606702
0.25625
0.16458333333333333
0.0
0.09166666666666667
15.715950251157103
3.054117307919194
123.35602193585414
4.070503191166832
17.011962325450806
1.352958333333334
6.47098470074084
1.5457729166666667
9.858898477690857
96.65615050531424
219.65262864215762
213.2149579276732
28.04951786756652
40.75507683098426
68.86150836544545
63.08827342485038
0.0
0.0
0.0
1.52029985000365
0.08750000000000001
0.0
0.0
0.0
0.0
0.08750000000000001
0.0
0.3416666666666666
0.0
0.08333333333333333
0.0
0.0
0.0
0.3416666666666666
0.6104854375000001
0.0
0.08333333333333333
0.0
0.08333333333333333
0.16666666666666666
0.40124145833333336
0.6145946041666668
0.0
0.16666666666666666
0.08333333333333333
0.08333333333333333
0.12645833333333334
0.3354166666666667
0.42916666666666664
0.0
0.08333333333333333
0.08333333333333333
0.0
0.0
0.2583333333333333
0.17083333333333334
0.5020589375000001
0.16666666666666666
0.0
0.0
0.0
0.0
0.2797729166666667
0.09166666666666667
0.33856568750000005
0.0
0.0
0.0
0.0
0.0
0.264585
0.0
40.75212874376038
0.0
0.08333333333333333
0.0
0.0
0.08333333333333333
4.100989339583339
18.444800000000125
111.28270802705178
71.38948024431932
0.25939375000000003
19.766631460486707
5.403094383446826
0.31975959854734115
