0.0
0.0
0.0
0.0
0.0
0.00.0
0.0
0.0
0.0
0.0
0.049.901388888888725
64.09236111111093
54.88749999999987
38.83124999999994
17.462499999999977
49.901388888888725119.97777777778224
107.55416666666818
99.32968750000137
73.9140625000008
30.96197916666658
67.4875000000019372.66319444444527
45.35458333333283
42.703749999999545
33.39333333333306
15.882083333333371
26.158749999999640.0
0.0
0.0
0.0
0.0
0.073.4254629629628
36.20505952380968
34.44940476190488
25.24732142857148
9.835714285714301
13.486309523809540.0
0.0
0.0
0.0
0.0
0.0114.07083333333554
43.53194444444463
40.18425925925943
29.83194444444456
12.31134259259264
12.67453703703721