0.0
0.0
64.68106719405392
0.0
42.277735946022474
41.865075113928995
8.797839583333337
8.660485753813994
21.948373742762158
21.468104011524034
25.51706725132177
8.276191458333342
2.9388454236242696
2.1068994914154793
0.0
34.34125473842449
20.59860791656951
16.025769413443292
2.3460769125000005
4.564789438825725
4.990049370048419
4.2208312977605065
17.497581203738534
4.430588822931393
0.0
0.0
0.0
44.06628511707264
27.94746244446854
29.15912699340635
4.895599675362272
8.170190940812766
13.089965779104732
13.280497650304131
29.87614992167288
12.867384983503467
5.3121793819310845
0.0
0.0
39.74191617757962
27.02385878004245
27.991643308166616
6.872984822093148
7.1487549555540175
11.417959089063904
12.806899091513943
28.001548456563334
19.22079988623277
0.0
0.0
68.62291666666698
0.0
48.56458333333334
49.08194444444445
9.108333333333336
10.514583333333343
26.776585648148174
26.594444444444456
27.656250000000043
11.843750000000018
0.0
0.0
0.0
29.21406913532161
11.070684765063769
10.027959078467905
1.6134389598541667
2.1740000000000017
4.885641951347403
3.2512821361029145
17.74119336285254
6.409704151964819
3.5822997896577156
0.0
0.0
36.37850879842467
20.699517353460937
18.871846313090906
2.3361780597708335
5.513770613372275
5.206975255625374
5.792859731336603
20.916700538728485
8.662512817813333
0.0
0.0
0.0
24.334402513427925
13.541841182645435
16.10617288151269
2.9203780806041664
3.065298333333334
3.7990738679163174
5.1847133179504805
12.976392908023115
5.811406081802504
0.0
0.0
61.83969886742168
0.0
40.21764694519072
40.52375891617373
3.708333333333332
5.630300739562921
20.61100025815374
19.68222155860223
18.769424672417202
3.2929772916666677
0.0
0.0
0.0
6.263270380687498
1.236343060644603
2.064788472105281
0.08125
1.6329473125000002
0.23542838969348762
0.12299561852974236
4.761930062500005
0.09166666666666667
2.866999819428826
0.0
0.0
35.627305500794336
13.12394878396464
14.637377493562116
2.3106999378622723
2.3808270833333345
1.2690125032276853
1.513218131989553
13.940923503839118
2.0876739649060223
0.0
0.0
0.0
36.50426282519223
30.090954741108487
30.49348092308417
5.399804957494357
6.865431678797565
12.439752388428941
12.621882238336166
23.976816388919787
13.271061513490555
0.0
0.0
0.0
38.71608851699771
25.333062828795345
26.27799315403154
6.326976811742275
7.251624987491965
11.542247248395155
11.151258972724625
28.143181656156457
12.189466008241899
0.0
0.0
0.0
43.58541315571089
32.44757681566431
32.016053351799165
4.389577787500002
5.1197666250000005
14.965154923482318
15.773902255906362
24.025483783222572
10.939600957786896
0.0
0.0
58.434975443097706
0.0
36.402463674284085
36.29348621525971
4.725916666666668
6.305858933979168
13.93975111761689
14.185368186137683
18.042487625118383
2.4131250000000004
4.84558025332545
4.359515090579773
0.0
30.355424877831574
20.602665247583563
18.89287466018696
2.898979583333334
3.9168182383325303
8.072732761427012
8.5609835830091
18.224631368636473
7.3503727336502145
0.0
0.0
0.0
19.431668876589324
9.448123680986793
4.761051795685389
0.0
0.8323124999999999
0.19747299280257066
0.19517350091859148
2.2253562479166695
0.0
0.0
0.0
0.0
46.25928439193057
32.666344865936885
32.490646886528374
6.533893786227086
8.978943593402024
17.008996988437165
17.256697955424862
31.268494479151755
20.716719408791835
0.0
0.0
0.0
48.6623972916667
33.666230872921794
33.72760176050034
10.520833333333345
11.025000000000016
19.812835826382116
21.638865325584444
37.23826875000007
28.69774791666672
7.515650326876136
0.0
0.0
42.3869608819503
32.44415127169009
32.11781126667904
6.930630628622712
6.406593208928063
17.83419431906351
18.265700796448524
29.40661329526077
18.668725933956765
0.0
0.0
46.88714988463959
0.0
26.499639881945562
21.98123581108613
1.2175833333333332
4.465615841030813
7.7331013097974175
6.99331814684475
11.561930517502292
0.08541666666666668
0.0
0.0
0.0
32.704662865174484
14.332076052897834
14.623635068566497
0.7033541666666667
3.442271746458335
2.3951305889368966
2.0899779822234335
11.554233895285586
0.44791666666666674
0.0
0.0
0.0
23.435121717262106
7.10832603746562
9.018870453426986
2.2371754166666675
0.8243701425624999
2.3887723313359785
2.2274830518848496
11.250505519764388
2.799983125000005
0.0
0.0
0.0
23.542351516994184
11.48320420882764
4.846342000395862
0.0
0.45416666666666655
0.1563309286411655
0.11375000000000002
1.2507018750000012
0.08750000000000001
0.0
0.0
0.0
33.07407538571661
17.195099552636158
21.291382242722502
3.3880958333333338
5.047612378812502
3.50574324963858
4.836065528739908
20.665358626023455
10.43439137921059
0.0
0.0
0.0
10.913767260910774
4.400190078657184
2.202839565089893
0.09166666666666667
0.8243750000000003
0.036666666666666674
0.0
2.5484102083333355
0.0
