0.0
0.0
0.0
0.0
0.0
0.0
0.0
0.0
0.0
0.0
5.801954785880903
26.660994086292227
0.0
0.0
0.0
0.0
7.094632999868957
1.5924644163133597
0.0
0.0
2.0950753401400517
0.0
0.0
0.0
0.0
0.0
0.0
0.0
0.0
0.0
0.0
0.0
0.0
0.0
0.0
0.0
0.0
0.0
0.0
0.0
0.0
1.0379574794260116
0.0
0.0
0.0
0.0
0.0
0.0
11.755226926526923
0.0
11.3710087878621
0.0
0.9341129347547046
0.0
0.0
0.0
0.0
0.0
0.0
0.0
0.0
0.9341129967186661
0.0
0.0
0.0
0.0
0.0
0.0
0.0
0.0
0.0
0.0
0.0
0.0
7.36998633998882
28.195865683773906
0.0
0.0
0.0
0.0
0.0
0.0
0.0
0.0
0.0
0.0
0.41317169810745474
0.0
0.0
0.0
0.0
0.0
0.0
0.0
0.0
0.0
11.259245410702057
0.0
0.0
2.8249811576950523
2.8318863225691593
0.0
0.0
0.0
0.0
0.0
0.0
0.0
0.0
0.0
0.0
0.0
0.0
0.0
0.0
0.0
0.0
0.0
0.8333288471799412
0.0
0.0
0.0
0.0
0.0
0.8949617337148622
0.0
0.0
0.0
0.0
0.0
0.0
0.0
0.0
0.0
0.0
0.0
0.0
0.0
5.770214345488907
0.0
1.092596783847562
0.0
0.0
0.0
0.0
0.0
0.0
0.0
0.0
0.0
0.0
0.0
0.0
0.0
0.0
0.0
0.0
0.0
0.0
0.0
12.828914499723439
0.0
0.0
1.4272537060846648
0.0
12.749549204419159
0.0
0.0
0.0
0.0
0.0
0.0
0.0
0.0
0.0
0.0
0.0
0.0
0.0
0.0
0.0
0.0
0.0
0.0
0.0
1.4318508252281792
0.0
0.0
0.0
1.5206423526718063
0.0
0.0
0.0
0.0
0.0
0.0
0.0
0.0
0.0
0.9113902803327382
0.0
0.0
0.0
0.0
0.0
0.0
0.0
0.0
0.0
0.0
0.0
0.0
0.0
0.0
0.0
1.738553072913534
0.0
0.0
0.0
0.0
1.8803939929184237
0.0
0.0
0.0
0.0
0.0
0.0
0.0
0.0
0.0
0.0
0.0
0.0
0.0
5.769358811788176
26.245987666165988
0.0
0.0
0.0
0.0
19.45079810896349
1.9862428402037176
0.0
0.0
0.0
19.385883304809898
0.0
0.0
0.0
0.0
0.0
0.0
0.0
0.0
0.0
0.0
0.0
0.0
0.0
0.0
0.0
0.0
0.0
0.0
0.0
0.11670542816256922
0.0
0.0
0.0
0.0
0.0
0.0
0.0
0.0
0.0
0.0
0.0
0.0
0.0
0.0
0.8307775929809631
0.0
0.0
0.0
0.0
0.0
0.0
0.0
0.0
0.0
0.0
0.0
0.0
0.0
1.353754929867534
0.0
0.0
0.0
0.0
0.0
1.5292048546688242
0.0
0.0
0.0
23.23429714862761
0.0
23.23429714862761
0.0
0.0
23.23429714862761
0.0
0.0
0.0
0.0
0.0
23.68909940281445
0.0
0.0
0.0
0.0
0.0
0.0
0.0
0.0
0.0
0.0
0.0
0.0
0.0
0.0
4.805351481981916
0.0
0.0
0.21696737719465195
0.0
0.0
0.0
0.0
0.0
0.0
0.0
0.0
1.1812873755745383
0.0
0.0
0.0
0.0
0.0
0.0
0.0
0.0
0.0
0.0
0.0
0.0
0.0
0.0
0.0
0.0
0.0
0.0
0.0
0.0
0.0
0.0
0.0
0.0
0.0
0.0
0.0
0.0
0.0
0.0
0.0
0.0
0.0
0.0
0.6686547654188554
0.0
0.0
0.0
0.0
0.0
0.0
0.0
0.0
0.0
0.0
0.0
0.0
0.0
0.0
0.0
0.2840528088022294
0.0
0.0
0.0
0.0
0.0
0.0
0.0
0.0
0.0
0.0
0.0
0.0
0.006946941176470588
0.0
0.0
0.0
0.0
0.0
0.0
0.0
0.0
0.0
