0.0
0.0
65.36246004528272
0.0
42.64675561775193
42.81224072573848
11.316666666666688
8.114318902291666
24.14072219509486
23.276320887819143
26.390139726313066
8.796833333333336
8.798888118424845
2.629055640481266
0.0
32.07237503681941
15.964773379873115
17.17663975554894
2.027960291666667
2.765138291666667
4.960121757385731
4.989713983670175
13.74604734398331
4.315653189870837
0.0
0.0
0.0
38.85213611357594
26.756318620678474
27.466898360374874
3.8812464583333335
6.6605639863093655
12.76016439272711
12.335576450435267
27.26561046902124
9.391646600416678
6.945298555055852
0.0
0.0
42.96845281538833
26.345069843503094
27.030325928405723
6.916882644145837
7.876471563381363
11.934204229086781
12.706739414356298
30.18091671568308
19.001454312605336
0.0
0.0
70.90579166666728
0.0
49.833153292181194
50.09373272185478
9.275000000000002
10.102083333333342
29.035020417629127
28.45620892045736
28.747916666666647
10.410416666666677
0.0
0.0
0.0
25.738926005775493
7.120296226216943
9.27028322458588
0.5916666666666668
3.2438412141666677
3.725812993794207
2.2102746950378918
15.43123075347194
4.755334033750005
8.284148829456099
0.0
0.0
36.93104268279727
19.986919288609897
20.605350219868978
3.3950758966666665
4.380541603065439
6.08231874776053
6.1972986305800335
21.532179989478145
10.724011127390227
0.0
0.0
0.0
26.01097254596584
15.000491630849455
15.999042840259742
1.5059223750000004
1.1760416666666664
3.853373071346879
3.8309554207253593
7.317982690645403
2.92585883054338
0.0
0.0
60.92048349551433
0.0
39.198991741619416
36.85606335247863
5.000604166666665
5.74876056716896
18.29979086227015
17.84620832615404
18.108877280793997
3.6449860416666677
0.0
0.0
0.0
16.12110579490407
5.769486050665941
4.887037340400477
0.0
0.8573541666666669
0.3421932362637509
0.16368189877051975
2.8723750000000066
0.17083333333333336
6.40007337075604
0.0
0.0
29.257553120322765
12.045709548759485
10.075745201366395
2.0006333333333344
2.890650795833334
2.79674237560275
2.4944430349837776
14.04998137717026
3.0979106531588134
0.0
0.0
0.0
44.09441402041709
27.114907226486125
26.9690809841998
4.583265208333335
5.121114559984584
11.478229923724056
11.112264552565275
25.693460740746282
13.632931575279198
0.0
0.0
0.0
39.32167258998024
24.7358889142281
23.49636202965743
4.64226049291667
5.670797090564856
11.0749706308467
11.330413368137254
24.247539229417402
12.062884965975138
0.0
0.0
0.0
36.65423826731072
32.11289093333825
33.29809960628899
5.198890416666668
5.8076718669203204
15.51766734164903
16.54902059829736
26.245943377326793
12.467914046448056
0.0
0.0
62.52423695395561
0.0
38.85289118153837
38.1665535914939
3.7313958333333326
6.959200409738683
15.623098684029806
14.50058036750252
19.35766576522086
1.7669583333333334
6.968831466876838
3.5830173932434364
0.0
34.812231682448726
24.714108626619396
21.999563672033602
3.903370686666666
5.774350434345311
10.00513766188194
8.981762468610565
23.570323537002192
8.529984507844674
0.0
0.0
0.0
10.52389007283336
4.414127485734219
2.4150243753077234
0.0
0.7579166666666669
0.19479166666666664
0.19583333333333336
2.4702083333333364
0.0
0.0
0.0
0.0
42.44152690774453
34.94453340345147
34.0979565051233
5.967708333333334
6.815871448187502
17.962023490279194
18.08754803545168
27.95585038587719
18.927670040187586
0.0
0.0
0.0
52.158666666666846
36.61539351851848
35.72126719500307
11.785416666666684
10.725000000000017
21.99281411896412
23.169593469238993
39.379166666666706
29.485416666666671
4.517550142959292
0.0
0.0
39.450064352447924
34.651797663778396
34.01084012306582
6.340770833333336
6.435216250000002
18.571860325735187
19.661725758234855
29.674369671441948
16.23468204583336
0.0
0.0
59.21038541022388
0.0
30.501487380859395
30.427104381168718
2.691056458333336
4.314001871227438
8.340439151627958
8.175412006633545
15.187401354004962
0.9835416666666671
0.0
0.0
0.0
37.84162923639323
18.339289056660498
21.03115642432716
1.1185398479166666
1.9309041666666669
4.798219506919638
4.226585266857413
13.929674206573566
0.35625
0.0
0.0
0.0
25.963201469364083
9.978649254755865
9.676175307028862
1.1620604166666668
1.702966580498861
2.0142279599379975
1.909182020104418
9.191922980913349
1.9713858989208333
0.0
0.0
0.0
22.444067389911776
6.3377921147426495
5.817081085596289
0.16458333333333333
2.631535208333336
0.8136009855745636
0.7165275879213531
11.251845127845407
1.537372079166669
0.0
0.0
0.0
35.95425282753541
20.367804202630648
18.15519378561615
2.009375000000001
5.782595691184201
3.840417910883611
4.951877235639454
22.190793868671424
10.952897653012657
0.0
0.0
0.0
17.141225377137545
7.847459750370376
3.1537196553004687
0.08541666666666668
0.42285416666666675
0.2248226039673266
0.10669642857142858
1.3139583333333347
0.0
