0.0
0.0
61.25286635530157
0.0
17.562773333333364
6.216916666666669
2.810416666666666
0.7541666666666668
1.2020833333333334
9.273520833333341
7.7010416666666694
23.32027978140784
7.034547916666671
2.6004166666666664
0.6145833333333335
1.6497916666666668
11.601487696953106
11.231655526687515
20.687701618760745
5.965421831339586
3.5605187499999995
0.7666666666666668
1.8208333333333335
11.333489312500015
8.725691262458339
23.7173751370609
3.3204166666666666
3.860952083333332
0.6104166666666667
1.9166666666666665
11.705213701041686
11.549782120538126
24.26494504477074
4.749375000000001
6.540610416666671
1.6354166666666667
3.674249999999999
1.1275000000000002
4.762143989583334
18.2568876059633
26.340587571300002
3.1027295833333337
6.222843020833336
1.3664583333333333
3.700854166666667
1.0075833333333333
3.5025416666666653
21.754879043478578
24.39073613465461
2.849999999999999
6.727083333333341
1.48125
3.952083333333333
1.29375
3.6226874999999983
20.287261720666702
24.34360198814937
5.270833333333333
6.168854166666669
1.8827083333333334
3.5785416666666663
0.4333333333333334
4.8905401439583365
19.082234741008087
39.597058771839485
39.62038052527688
8.54658333333334
7.345973341295479
22.66788512044679
22.208066699803524
3.1201213317377556
2.7967424455231
0.0
19.971607271271136
2.1918536
1.5040627083333338
0.08541666666666668
0.08541666666666668
0.0
0.2604166666666667
1.4695894791666666
3.8171779779286052
0.2604166666666667
0.3375
0.08958333333333333
0.16666666666666669
1.0237500000000002
2.2086391437291666
5.59263679251444
0.27125
0.8289250000000001
0.08750000000000001
0.3828541666666667
1.3707500000000001
3.3842304579562494
5.9918300245731855
0.08333333333333333
0.5924104166666667
0.0
0.16666666666666669
1.6959687500000002
3.299059438599583
4.527072149491636
1.967300518591667
0.9168125000000001
0.34375
0.4419583333333334
0.0
1.8750958333333334
2.2620520833333346
7.345826278030435
1.3389541666666667
0.08750000000000001
0.08750000000000001
0.0
0.0
2.913679347605417
3.6417897613686914
8.668849012582097
0.7895833333333334
0.0
0.0
0.0
0.0
3.2152213900243742
3.6853118348000042
8.895187937513459
2.33321632277125
0.08750000000000001
0.08750000000000001
0.0
0.0
2.8576428693750002
3.7870009017187547
15.79317267792608
17.30836386170754
3.245476555145833
5.116440909166671
5.5318687377762235
4.461668542123903
0.0
0.0
0.0
23.09484670129284
15.547827734869514
3.0919364884999996
1.851945666666667
0.4112916666666667
1.0291124999999999
4.897950237916669
7.782422451068352
13.83192969002629
2.943717583333333
2.1675500229166667
0.24583333333333335
0.9793541666666669
2.8278272750000006
8.113348448800819
13.314647283812695
1.5702083333333334
2.4745673125
0.9735750000000003
0.8939583333333335
5.049917220266362
6.797121280576753
18.313007767330753
2.11125
2.593806041666667
0.5104166666666667
1.3397708333333334
5.511823086259603
11.078011527644003
18.16108373886167
5.3138937056875015
0.5854166666666667
0.16666666666666669
0.3354166666666667
0.08333333333333333
5.218384872525002
9.916698234516806
17.952398382124013
2.224754166666667
1.9987993124999999
0.08541666666666668
0.7833333333333335
0.7516247916666667
6.331803616940801
9.007872787928902
16.538895896960554
1.52
2.2299383333333336
0.0
0.8564583333333333
0.6909916666666668
6.774212393750823
8.654863700507397
17.851229393326605
4.737870702674692
1.8048638770687504
0.11499999999999999
0.9990427508333335
0.18708333333333335
5.994399267692002
8.819366236870538
31.616196714497953
31.867079272026302
4.100686460768542
5.632029803091924
14.89702468881284
15.631424493200537
6.106163538709999
0.0
0.0
25.738822502737357
11.53055658418327
1.3272916666666668
2.2266875000000006
0.6062500000000001
1.0368750000000002
3.7798804583333343
6.549652782670961
15.43396409298928
2.1997875
3.095877208333332
0.25833333333333336
2.0794847916666663
3.4726679875363144
8.916078578109053
10.47904267776729
2.793487577925626
2.154604166666666
0.3458333333333333
1.5288125
2.498328774420916
6.052231657895834
9.654294179561932
3.65484306875
1.7403541666666664
0.17083333333333334
1.1958333333333335
2.3515625
6.543615758333336
15.662583803467276
7.163797173134929
2.9724100416666683
0.4136041666666667
1.6906145833333335
0.0
6.331292202978553
8.9364850559892
13.10840516018161
6.5240967798570875
0.25416666666666665
0.08333333333333333
0.17083333333333334
0.0
6.782877650657087
5.081370889090214
12.330981068632367
5.9506742837283335
0.6608333333333334
0.0
0.4689583333333335
0.16458333333333333
6.0827172514166685
3.637313333333333
15.494830874891957
4.756679285803956
0.7904166666666668
0.1729166666666667
0.5829166666666667
0.0
5.871427696302387
5.99550003541667
30.95166734944708
30.28070489056405
6.587449238393754
8.568939125839
12.534738961787149
14.010502187916488
0.0
0.0
66.99092525000026
0.0
26.889583333333352
5.747916666666666
4.3999999999999995
1.1145833333333335
2.7583333333333324
15.333333333333364
11.556250000000018
27.306312500000008
8.412500000000005
4.547916666666667
1.45625
2.316666666666666
14.877083333333362
12.403104166666681
25.152022916666677
7.412500000000006
3.936229166666665
0.33958333333333335
2.5833333333333326
13.993750000000023
11.153995833333344
24.18955250000003
8.062500000000007
6.307437500000002
0.7747916666666668
3.7291666666666643
9.22083333333334
14.949045833333363
31.15287291666668
2.7416666666666663
8.676458333333342
1.9875000000000005
5.3654166666666665
1.2979166666666668
4.63125
26.453854166666694
30.215479166666693
7.48583333333334
6.91666666666667
1.3645833333333335
4.962500000000001
0.5895833333333335
5.700000000000002
24.484854166666704
26.924541666666688
6.525000000000004
6.112500000000005
1.116666666666667
4.641666666666668
0.3541666666666667
4.745833333333333
22.186833333333357
29.548125000000013
1.977083333333333
8.48333333333334
0.7791666666666668
5.8729166666666694
1.83125
4.583333333333334
24.95520833333335
46.963860412294274
46.99225073379633
9.454166666666676
9.22083333333335
27.785254587809987
27.91295357327943
0.0
0.0
0.0
21.25109107282875
1.2700000000000005
0.7750000000000001
0.08333333333333333
0.0
0.08333333333333333
0.7095833333333332
0.3354166666666667
1.9896089123036038
0.848125
0.7597291666666668
0.3832083333333334
0.2625
0.42083333333333334
1.3614500856249998
3.0987656041666667
0.43333333333333335
0.8525812500000002
0.08541666666666668
0.7583333333333334
0.8789583333333335
1.6500508749999994
3.9902668832266097
0.08125
0.30855000000000005
0.0
0.24372916666666666
1.0725625
2.021993178333333
2.8471179224928282
1.5645833333333332
0.3116041666666667
0.0
0.2734166666666667
0.0
0.6352219956249999
1.6924545949999998
3.2861264583333334
0.8791666666666668
0.08750000000000001
0.0
0.08750000000000001
0.0
1.230625
1.8478722916666668
3.959759750000001
0.5145833333333334
0.26333333333333336
0.08541666666666668
0.16875
0.0
1.9160029166666666
1.1179124999999999
6.21179297437261
1.466333333333333
0.8885416666666672
0.0
0.6633333333333336
0.0
1.087866252083333
3.893917219975523
10.969175754179073
13.70710752631532
1.0775733125
3.008774807795001
3.256463352110477
2.756566336707649
5.205149233315598
0.0
0.0
21.759983347280617
3.3723809583333333
0.6192087500000001
0.35604166666666665
0.0
0.26104166666666667
1.3345833333333335
1.38753125
9.320997811460165
1.0067916666666665
1.0938875000000001
0.0
0.3416666666666667
1.9903599583333331
4.897677445903959
7.033311755766442
1.2050293333333333
1.2222291666666667
0.420625
0.7687500000000002
1.9042142445833337
3.2528685608749988
10.554946812692517
1.7395833333333335
0.7591666666666668
0.35500000000000004
0.26458333333333334
3.9460863864339393
4.062194328246854
4.178463566666667
2.299887297916666
0.4333333333333334
0.08958333333333333
0.16875
0.17500000000000002
1.9891016666666665
1.6333333333333335
7.532558262686826
2.866337083333333
0.7286299312500001
0.24583333333333335
0.38583333333333336
0.0
2.4658550308333345
2.8483585287928896
10.670667531504463
2.4560416666666667
1.2145416666666675
0.39131250000000006
0.08333333333333333
0.0
3.340978079164584
6.002315455384079
9.721817506514618
2.514136249999999
0.6128750000000001
0.0
0.366875
0.2625
1.9079124916270835
5.5332339734086595
21.1683489153306
21.01187072854265
3.4445435451426873
3.8457181729166687
6.601216253540822
6.056284912868624
0.0
0.0
0.0
25.074875890752708
6.567504904235341
2.189733119625
0.16458333333333333
0.0
0.0
2.5543750000000003
2.5510892305876256
6.460277072781352
1.1677291666666665
1.1328168750000003
0.08958333333333333
0.7654808333333334
1.0312500000000002
4.295817505112361
9.270437059569543
1.6345644895833336
0.9837602083333333
0.08750000000000001
0.6785416666666667
1.6455947916666667
5.748751874121866
8.77429713918988
0.9545833333333335
0.43541666666666673
0.08958333333333333
0.17500000000000002
1.8524007621750005
4.966635355078514
6.656497925057662
2.4470193175625
1.6322770833333338
0.08958333333333333
0.7175833333333335
0.4102083333333334
1.0749558333333338
4.454255937500004
11.297555534617354
1.7033125
0.8469302083333337
0.0
0.6341458333333334
0.0
4.7786087018916685
4.481031527878944
8.035013783544159
2.223992291666666
0.17500000000000002
0.0
0.17500000000000002
0.0
4.726058788543959
1.4750754066666667
7.675770997090875
2.490595167395833
1.4244166666666667
0.08541666666666668
1.1538750000000002
0.08750000000000001
1.0267979166666668
4.458895259589711
17.929095799180107
19.23846967853896
2.3749860799791667
3.648829998829168
7.529627983737095
6.968808334188188
0.0
0.0
63.34657432431008
0.0
20.108133121206077
3.652969051666666
3.0899374999999996
0.4270833333333334
2.175979166666666
9.190616270833345
9.365803562500014
22.52385012024726
3.8731208333333327
2.2291666666666656
0.7729166666666668
1.45625
11.5258605494646
9.006105790709405
15.727149490828616
5.798632896729168
1.8895833333333332
0.7000000000000001
1.0208333333333335
8.182789410996932
5.9005814120833335
23.16161836164307
3.602708333333332
5.009261089583333
0.5895833333333333
3.442750208333333
9.890696192572909
12.419802830381144
24.07141980447156
1.412916666666667
4.41721047291667
0.6856062500000001
2.3346666666666667
0.9433333333333336
4.1790646250000005
18.524550778382693
26.270107093937128
1.6154583333333332
5.366464341666668
0.5464583333333334
3.9042435416666654
0.5709583333333333
5.8905825625000015
19.59655912325348
23.622244387337943
1.9562500000000003
4.886225625000001
1.2901041666666668
2.66875
0.683125
4.604547916666668
18.69755659467391
24.73938483756347
1.9076104166666668
5.948474893618754
1.1854166666666668
3.9145097575000003
0.6933333333333335
3.7604014395833323
19.10532105141996
38.78724240037726
40.44431038978969
5.376041666666668
6.179983963242621
20.216137345087066
19.26413813896769
0.0
0.0
0.0
7.529136587761695
0.0
0.08333333333333333
0.0
0.0
0.0
0.0
0.0
0.5860786458333335
0.0
0.17168750000000002
0.0
0.0
0.0
0.4089770833333332
0.08333333333333333
0.0
0.0
0.0
0.0
0.0
0.08333333333333333
0.7145104166666669
0.0
0.0
0.0
0.0
0.385625
0.0
0.0
0.08333333333333333
0.0
0.0
0.0
0.0
0.0
0.0
0.08333333333333333
0.0
0.0
0.0
0.0
0.0
0.08333333333333333
0.0
0.47113541666666636
0.0
0.10416666666666669
0.09625
0.0
0.0
0.0
0.2427083333333333
0.0
0.08333333333333333
0.0
0.0
0.0
0.0
0.0
0.0
4.379304042281104
1.9622854656810953
0.0
0.0
0.0625
0.043331690270104625
1.8440305797350445
0.0
0.0
19.6150173546447
0.76875
0.16875
0.08958333333333333
0.0
0.08958333333333333
0.42500000000000004
0.34375
3.581256250000002
0.2604166666666667
0.26458333333333334
0.0
0.17708333333333334
0.3333333333333333
1.8323937500000014
0.8479166666666667
0.3479166666666667
0.08333333333333333
0.0
0.08333333333333333
0.42083333333333334
0.4270833333333333
1.5733000000000004
0.38145833333333334
0.1816666666666667
0.0
0.1816666666666667
0.571
0.5670833333333334
1.9956250000000006
0.4291666666666667
0.16041666666666668
0.0
0.16041666666666668
0.0
0.175
1.523125
3.7159229166666696
0.6287500000000001
0.0
0.0
0.0
0.0
1.1272916666666668
0.2520833333333333
3.252662500000003
0.856875
0.0
0.0
0.0
0.0
0.7783333333333333
0.3479166666666667
0.675
0.4291666666666667
0.08750000000000001
0.0
0.08750000000000001
0.0
0.08958333333333333
0.5854166666666667
12.383176164429704
9.188524216976372
1.568041666666668
3.294829398492086
1.5550704383391363
1.3785425311022546
0.0
0.0
0.0
28.141547239526094
11.818497302476008
2.8966249999999993
1.47601875
0.41956250000000006
0.5481458333333334
4.306652083333336
5.463506027658334
13.214826981701853
3.1585458333333336
2.6951145833333334
0.818125
1.4246458333333334
2.8256543141666657
8.329780140706937
12.091971414188555
1.4435500000000006
2.036139296041667
0.34375000000000006
1.0325462500000002
3.382133822583335
7.450767570938423
13.155493367491452
1.3608333333333333
1.7000000000000002
0.5125000000000001
1.1020833333333335
4.110522983093749
7.612685666604621
12.738864706931073
3.9133443238592496
1.2571438958333334
0.7196958333333334
0.2625
0.08750000000000001
5.971373791160792
4.128681488815103
14.144044942604454
2.6640005412375007
1.3048951458333333
0.09627083333333335
0.9193333333333334
0.08958333333333333
6.227936050397084
6.302961615995529
13.88382771218602
2.019146275083333
1.3170166666666665
0.0
0.9804541666666667
0.0
7.512693524481462
5.291931758004811
16.445544470883185
3.067158890552291
2.565132191666667
0.6942502083333335
0.8158333333333335
0.47104166666666664
6.6109453052322715
8.67538381777467
29.19119155736791
28.011524358599196
6.679736877289586
6.158736577156475
11.898273892765252
11.9998915652006
0.0
0.0
0.0
21.439519213945648
6.723229721568761
2.895886458333333
0.5933333333333334
0.08541666666666668
0.2710416666666667
1.1094058333333334
4.03881021875
12.754919073502343
2.3643000000000005
1.6385143956250001
0.36875
0.6799999999999999
2.966166666666668
6.93526548085417
13.017883797804766
1.0907583333333335
2.2606658046041668
0.6041666666666667
1.410998375
2.652543750000002
7.639321992676078
14.568792682932317
0.9681970833333334
2.3703291666666666
0.5978958333333334
1.4479166666666667
3.5879085626531264
9.266273385046492
12.678524856926437
4.648418404746667
0.7914437500000001
0.25625000000000003
0.3159166666666667
0.09791666666666667
4.025853127291666
5.851156978495791
11.864114648864
3.9181747083333347
0.8041666666666668
0.5104166666666667
0.16875
0.08333333333333333
5.49238897925
4.0749262404683035
13.764939152901361
2.1377729166666666
0.9958937500000001
0.4416666666666667
0.5557375000000001
0.0
6.664780282236274
4.131075910000004
13.63028482694104
4.309134681020834
1.426143333333334
0.08541666666666668
0.8860416666666671
0.15250000000000002
4.690861836773227
6.360184535699058
26.740369761751914
28.168507844467754
4.895913288277084
3.8815715175193035
11.411554328392969
11.33367487519907
0.0
0.0
0.0
26.752521947740608
15.856146876478157
3.1848069166666675
2.5433333333333334
1.0022916666666668
1.13125
4.2204625
10.449749715625009
21.52644626095987
3.765368749999999
4.394494735416665
1.123216666666667
2.646422916666666
5.407835833333334
13.040598429380198
15.42845792419179
5.017165281041667
2.658343958333333
0.7706250000000001
1.5520833333333337
3.051423479166666
9.551162833021088
17.600622061464033
5.3916249999999994
3.4374910416666653
0.8309166666666667
2.2291666666666665
4.883147126173124
11.202059618333347
20.471840366278027
4.687692676333334
1.4378958333333336
0.27125000000000005
0.6307083333333334
0.30145833333333333
10.65002067979616
8.211961442025311
19.538203507529914
3.5714128125
5.682382708333333
0.4333333333333334
3.249208333333333
2.123354166666667
5.901379729141668
11.919680213547375
15.388158722956693
4.561446008333333
3.8816041666666656
0.08958333333333333
2.4645833333333327
1.2895833333333335
5.874306958333335
8.630622719312676
17.89681602621397
3.8576819979166657
1.5927083333333332
0.16875
0.8968750000000001
0.41458333333333336
10.132262475208346
6.405082291666673
35.00802885891196
35.54796028987131
6.756100718143792
5.622501010888713
16.746458828890045
17.06977594400572
0.0
0.0
61.51119180255101
0.0
16.01942371048736
5.027365048333333
1.5437500000000002
0.42708333333333337
0.9520833333333335
6.019918579166668
6.515443453145837
19.292408606713607
3.286909166666667
2.0389999999999997
0.6135416666666668
1.1166666666666667
7.320135262500004
8.740961311984307
19.339310631882107
3.9241458333333337
1.5660643749999998
0.25
0.8975833333333333
9.776252699490856
5.937279291291669
19.315092921630836
2.0812083333333335
2.5077301458333334
0.17500000000000002
1.7281562499999998
6.746232310934379
9.372113481128853
20.03888255498872
1.3209583333333337
4.311526896222918
0.9637500000000002
2.6764912499999998
0.0
3.071913166666666
14.68023675168204
22.622450760420637
1.2084208333333335
2.9056327083333335
0.3647916666666667
1.7889375
0.34916666666666674
3.6972531541666656
16.606159976422383
20.008787217416934
2.205208333333334
2.5768333333333326
0.7262500000000001
1.2000000000000002
0.35000000000000003
2.7665016172895824
15.124187729033322
23.645482600637404
2.118125
4.051620731235417
1.152225625
1.8146677508333335
0.08750000000000001
2.3967979770833336
17.869625949434752
38.747008402145944
37.453616215987175
5.119944618750001
6.871667241655016
17.435450005704116
15.693584026537359
3.884501960505282
2.5368319616339465
0.0
20.153689873121312
5.237424571282295
2.921424651625
0.8712083333333336
0.2483541666666667
0.5208333333333335
1.5325704166666667
2.7224749715625007
7.347419165887148
0.43833333333333335
1.4532662291666667
0.17708333333333334
1.1972708333333333
2.2611520833333323
4.5020125789375
8.653470770425413
0.6937500000000001
1.0804593541666667
0.4317166666666667
0.43520833333333336
3.810164945833336
3.0617667434353497
14.142698861931597
0.7812500000000001
1.3875
0.08541666666666668
1.3020833333333335
4.545237866739585
6.854338460354861
7.739242396734977
2.779290127020833
1.1801875
0.7697500000000002
0.08333333333333333
0.0
2.6274288914583326
4.3688024064267745
13.03131672206186
1.0291666666666668
0.5937500000000001
0.08750000000000001
0.42291666666666666
0.08333333333333333
3.7851734774054964
7.242184454633906
10.90571364993784
1.44375
0.6255000000000001
0.0
0.5785000000000001
0.0
3.730541195965369
4.711625175294002
12.53277711743438
3.1250547887165245
2.174527088368959
0.491985625
0.5916377083333334
0.3825833333333334
2.654034789187501
7.570931237619862
23.823980037021727
23.69105731472124
4.168623675548335
5.683621385902194
9.611680678556056
6.895671009366488
0.0
0.0
0.0
10.318548377721626
0.0
0.0
0.0
0.0
0.0
0.0
0.0
0.0
0.0
0.0
0.0
0.0
0.0
0.0
0.0
0.0
0.0
0.0
0.0
0.0
0.0
0.0
0.0
0.0
0.0
0.0
0.0
0.0
0.0
0.0
0.0
0.0
0.0
0.0
0.0
0.0
0.0
0.0
0.0
0.0
0.0
0.0
0.0
0.0
0.0
0.0
0.0
0.0
0.0
0.0
0.0
0.0
0.0
0.0
0.0
0.0
0.0
0.0
0.0
0.0
6.689804615215476
2.365527354535035
0.0
0.10687500000000001
0.0
0.0
0.0
0.0
0.0
26.743579148616398
15.248625398603332
2.4124999999999996
2.5464791666666664
0.7175000000000001
1.2085416666666668
4.0809972708333335
9.726667305876262
18.50934814609071
3.7647916666666656
3.703495624999998
0.5083333333333333
2.2289583333333334
4.125951909846459
13.215635818235231
14.678745683762829
4.125287142687499
3.532708333333332
0.5166666666666667
2.7581249999999997
4.0650208333333335
9.777028189450013
17.070570019242275
4.097374999999999
3.324903687499999
0.8391666666666668
2.1542291666666658
3.5061902908124996
12.027172873322238
16.624802451879102
6.1707544068750035
2.0616041666666667
0.51875
0.8708333333333336
0.6854166666666667
11.171483255377753
5.1834139270170025
17.415127319831615
3.7430833333333324
2.4927708333333323
0.25625000000000003
1.7718750000000003
0.28770833333333334
8.88205030833334
8.36617129033397
17.78169871589896
3.798145833333332
2.2239374999999995
0.2520833333333334
1.384875
0.5125
8.861996514583339
9.412351266460018
19.79455267547336
3.83059375
3.3186235416666663
0.8425
1.6773104166666664
0.9354166666666669
8.961427661255199
11.888179808477604
34.154779579983675
32.86110865862793
6.0720240173125015
7.489595343073431
16.82344183787686
16.53695476035378
0.0
0.0
0.0
34.45761877528928
18.300569000000028
3.0745833333333326
3.364374999999999
0.6895833333333334
2.438333333333333
5.962500000000001
11.22026041666668
21.627185687500024
5.456875000000002
4.962500000000002
0.9375000000000002
3.2458333333333322
6.824750000000005
14.661352083333359
17.58080682704359
5.164375000000002
3.5770833333333316
0.5083333333333334
2.212499999999999
4.569234791666666
11.833363375000017
19.003668146416693
5.683333333333335
2.960416666666665
0.6958333333333334
1.7333333333333332
5.935062500000002
12.28081870833336
22.674793829375027
10.898833333333352
4.468895833333332
0.7812500000000001
2.6827916666666667
0.8645833333333335
7.846250000000006
15.085029895833364
19.592545208333366
12.708791666666691
5.447916666666669
1.0354166666666669
3.8916666666666666
0.5208333333333334
8.483125000000008
10.429735416666684
18.215526212458375
12.06675000000002
3.822291666666666
0.9054166666666669
2.064583333333333
0.7791666666666668
9.75416666666668
8.877111766666676
19.291423905716492
8.559043750000006
3.0229166666666667
0.6875000000000001
1.8229166666666667
0.5125000000000001
7.942854166666669
10.25635416666668
37.76305085949887
36.99735399665497
11.278333333333348
11.524791666666689
22.176089184212987
24.188777076328876
9.200185479777431
0.0
0.0
28.59058361833318
17.413125846700655
3.6345625000000004
1.9958333333333333
0.5229166666666667
1.1270833333333334
7.625823291666673
8.723534427083342
20.505647624151315
3.177708333333333
3.4756041666666664
0.4312500000000001
2.4293125000000004
7.6688459295833376
12.567339375000017
17.50210470299973
3.866959999999999
3.730966537291666
1.0577083333333333
1.8426562499999999
5.256645833333334
10.859160910836048
20.160723716989043
6.1414083333333345
3.6104999999999996
0.6041666666666667
2.093541666666667
5.913830000000002
13.84957667041669
20.042051352659882
5.443300055000001
2.45411875
0.8541666666666667
1.2823625
0.24375000000000002
7.9266416666666695
12.169219142989808
19.39995353561845
5.735211458333336
1.833333333333334
0.3458333333333334
1.1756250000000001
0.17708333333333334
9.150974600000012
10.366922550181204
17.837723556250037
6.034743241666669
1.2791666666666668
0.4375
0.8416666666666669
0.0
9.03831250000001
9.189339108333343
19.669834394344317
4.981038397916668
2.1881858333333333
0.6212500000000001
1.0512708333333334
0.2541666666666667
7.351802645833338
11.562131294640722
37.03302123026802
35.755354628929965
6.44673973479167
7.647051047469047
19.101167632777766
19.206618770809254
0.0
0.0
52.602770715975815
0.0
6.223799583333344
2.4936208333333334
0.5958333333333334
0.17083333333333334
0.33958333333333335
3.0939375
1.6989583333333333
9.436505392814956
1.6962895833333334
0.8489416666666667
0.17000000000000004
0.5477083333333334
3.311041666666666
3.7347711524356257
8.424993752522928
1.0250000000000001
0.42708333333333337
0.2520833333333334
0.17500000000000002
2.899583333333333
3.559696457916668
9.380979551157663
0.7475
1.6818750000000002
0.27708333333333335
1.0312500000000002
3.486912823124999
4.6065653325712885
6.663620625000009
0.5164583333333335
1.2208333333333334
0.3479166666666667
0.8729166666666668
0.0
1.3645833333333333
5.206218750000002
10.108988101405693
0.16666666666666666
1.613979166666667
0.24854166666666672
1.1125000000000003
0.17291666666666666
1.4583333333333335
7.7790391384845385
11.3612687265829
0.33333333333333337
2.0784164583333338
0.34020833333333333
0.5166666666666667
0.6669166666666667
1.3426020833333332
7.411190338880674
10.056672167914298
0.6777083333333335
2.10823836875
0.17291666666666666
1.52453925
0.17500000000000002
1.6342770833333335
6.256604347478132
26.3997925583491
28.136915411187104
2.2125570833333335
4.963951032892421
5.80849767474494
5.42192805617358
0.0
0.0
0.0
20.214913524474756
2.7723163131729205
0.848125
0.4229166666666666
0.16666666666666666
0.1729166666666667
0.3458333333333334
1.7417879687500009
8.101962423887189
0.8671875000000002
0.5404166666666668
0.10500000000000001
0.3333333333333333
0.42708333333333337
5.03666426479167
6.537254138151482
0.42833333333333334
0.740824985625
0.18729166666666666
0.25833333333333336
0.35375000000000006
4.124879039119584
11.387324928458789
0.45562500000000017
1.0642791666666667
0.08333333333333333
0.7749583333333334
2.3741295202010426
5.982623802542915
5.890611830100949
0.6062500000000001
0.17500000000000002
0.0
0.17500000000000002
0.0
2.872355041895834
0.3458333333333334
6.263014045228052
1.7281311458333342
0.22057277083333338
0.09604166666666668
0.0
0.0
2.3701777333333345
0.7147120964660416
4.706743833910788
1.3983444816666668
0.0
0.0
0.0
0.0
2.292786267044854
0.08333333333333333
8.835425346445156
0.7522613418163728
0.29423525
0.0
0.18846041666666669
0.0
3.258618585208335
2.864294590014487
19.560688204619986
19.57885499740576
1.8181177567127083
1.454296091119409
4.945686581631078
3.871841499554424
0.0
0.0
0.0
23.151047145759783
3.7460316666666684
0.348496875
0.2833333333333333
0.17291666666666666
0.08333333333333333
0.24583333333333335
2.094882291666668
1.4424019602770832
0.0
0.39588912291666667
0.18583333333333335
0.08125
0.28833333333333333
1.00292476875
1.0357535625
0.39
0.33958333333333335
0.25625000000000003
0.08333333333333333
0.09166666666666667
0.8593087083333334
1.917828577333335
0.08541666666666668
0.43333333333333335
0.0
0.25625
0.6364583333333333
0.6104166666666667
3.757974791666668
0.5337083333333333
0.0
0.0
0.0
0.0
1.2095833333333335
0.08333333333333333
1.3027083333333334
0.3416666666666667
0.08958333333333333
0.0
0.08958333333333333
0.0
0.7437500000000001
0.34375
1.5509000000000002
0.5072916666666667
0.08750000000000001
0.0
0.08750000000000001
0.0
0.6083333333333334
0.8260416666666668
4.105847645752521
0.6389583333333333
0.0
0.0
0.0
0.0
0.7873104166666668
1.5931979166666679
14.081562326984093
16.569856583721542
0.7729166666666667
2.229576976088873
1.6817979805895469
1.791400973666799
0.0
0.0
0.0
13.320624204996609
0.0
0.10500000000000001
0.0
0.0
0.0
0.0
0.0
0.2625
0.0
0.08958333333333333
0.0
0.08958333333333333
0.08541666666666668
0.17708333333333334
0.16620833333333335
0.0
0.0
0.0
0.0
0.0
0.14064583333333333
0.17708333333333334
0.0
0.08958333333333333
0.0
0.0
0.0
0.17708333333333334
0.08750000000000001
0.0
0.0
0.0
0.0
0.0
0.08750000000000001
0.0
0.08541666666666668
0.0
0.0
0.0
0.0
0.0
0.08541666666666668
0.0
0.17500000000000002
0.0
0.0
0.0
0.0
0.0
0.17500000000000002
0.0
0.8125000000000006
0.0
0.0
0.0
0.0
0.0
0.48749999999999993
0.0
8.920495118314394
3.712053128745186
0.0
0.41625
0.17838983806675088
0.07611607142857144
0.0
0.0
0.0
20.023304046623803
3.770662617916669
0.0
0.08333333333333333
0.0
0.08333333333333333
1.1083333333333334
1.6476822916666665
1.35625
0.08125
0.16458333333333333
0.0
0.16458333333333333
0.6020833333333334
0.7541666666666668
2.8865894004604185
0.08333333333333333
0.4367997916666666
0.14125
0.08333333333333333
1.031666666666667
1.2135182250416663
0.9410416666666668
2.1903637291666667
0.15833333333333333
0.07708333333333334
0.08125
0.2985416666666667
0.5833333333333333
6.042091390937701
0.16666666666666669
1.3895208333333338
0.08333333333333333
1.0582083333333334
0.08958333333333333
0.8632891666666669
4.382825115833336
1.462575422916667
3.2304769374999998
0.0
0.0
0.0
0.0
0.2520833333333333
0.6829583333333333
0.6791666666666667
2.923782937499999
0.2520833333333333
0.17083333333333334
0.08125
0.0
0.1729166666666667
0.50625
6.828912178279991
0.16666666666666666
0.3354166666666667
0.08750000000000001
0.24791666666666667
0.0
1.6872437500000006
3.157599291666668
13.804079882821316
13.818302376818632
1.517708333333333
3.8570470628875033
2.7576591914099358
3.2267402281130515
0.0
0.0
0.0
9.685791787500005
0.0
0.0
0.0
0.0
0.0
0.0
0.0
0.09166666666666667
0.0
0.0
0.0
0.0
0.0
0.09166666666666667
1.421049688795771
0.09166666666666667
0.08750000000000001
0.0
0.08750000000000001
0.0
0.6554748078750001
1.9377041928651564
0.08958333333333333
0.0
0.0
0.0
0.0
1.1423979104889521
0.09166666666666667
0.0
0.0
0.0
0.0
0.0
0.0
0.09166666666666667
0.09166666666666667
0.08958333333333333
0.0
0.0
0.0
0.0
0.09166666666666667
0.0
0.0
0.18125000000000002
0.0
0.0
0.0
0.0
0.0
0.0
1.8843428695757503
0.09166666666666667
0.0
0.0
0.0
0.0
0.4418293958333333
0.0
5.782568401910988
2.6889698151252466
0.5686458333333333
0.7570833333333339
0.3701499033767999
0.11354166666666668
