0.0
0.0
0.0
0.0
0.0
0.0
0.0
0.0
0.0
0.0
0.0
0.0
0.0
0.0
0.0
0.0
0.0
0.0
0.0
0.0
13.04444444444446
17.551388888888898
14.590277777777782
10.062499999999988
4.9437499999999925
13.04444444444446
2.5875000000000004
23.291666666666654
39.13333333333336
39.13333333333336
29.80555555555543
26.879166666666574
25.098437499999925
18.51562499999995
7.220312499999998
16.76562499999988
8.10416666666667
42.58263888888891
67.06250000000068
67.06250000000068
17.07986111111108
11.049583333333338
10.685000000000002
7.954166666666665
4.36
6.148749999999993
7.100000000000001
18.255729166666637
30.743750000000023
30.743750000000023
0.0
0.0
0.0
0.0
0.0
0.0
0.0
0.0
0.0
0.0
19.436342592592588
9.6529761904762
9.154166666666674
6.6752976190476225
3.024107142857142
3.5699404761904754
8.758333333333338
16.249999999999993
24.989583333333343
24.989583333333343
0.0
0.0
0.0
0.0
0.0
0.0
0.0
0.0
0.0
0.0
33.26249999999999
12.777083333333328
11.615046296296292
9.428472222222217
3.3090277777777746
3.6958333333333293
11.539583333333345
22.702343749999994
33.26249999999999
33.26249999999999
