0.0
0.0
18.89359468874347
0.0
10.582161985171574
11.251689128255412
2.250409962871287
7.450975464226359
1.4472244315567393
2.1510775333273497
10.879592403479322
1.340957595134792
0.7227410740096017
0.7227410740096017
0.0
1.1057592765567452
1.0456630627220345
0.7689324684371036
0.137109375
0.184375
0.20118540111746797
0.2670411706349206
0.6456026043778891
0.078125
0.0
0.0
0.0
3.222751413622915
4.392980754402655
4.840695085420351
0.34854440789473684
2.393864601984218
0.9954863048063465
0.9638326155369166
4.652342341829656
0.8432625986293253
1.6378184862757075
0.0
0.0
2.2560018277228906
5.038305041685017
3.821928622552302
0.5747685591390942
4.124007380017681
0.884894491204611
0.7680353574382158
6.922241990498558
1.3993499324577368
0.0
0.0
19.132685673088893
0.0
10.697114396789182
12.334168088863128
2.3846240337559776
9.685244418605054
3.1283845582063305
2.4287603618049847
13.236980552990056
1.476239243372505
0.0
0.0
0.0
0.32958201520757674
0.5804151184562092
0.3904387103595657
0.0
0.08172662406105294
0.12365888004902909
0.08763020833333333
0.25318443656105294
0.1609375
1.3556111992330468
0.0
0.0
1.483297474153931
4.49207912479677
4.073781509389298
0.0765625
2.6804736899038577
0.8364343159090817
0.8698410936568393
6.156681541657903
1.3636235764103022
0.0
0.0
0.0
1.8982210294872177
3.305849951567192
2.9142548595845885
0.33671875000000007
0.25468750000000007
0.5958686755952383
0.7394091021825399
1.1664062499999999
0.7101562499999999
0.0
0.0
15.48612654061409
0.0
8.22986975537926
8.783659298472278
1.5180751284246576
2.4583585269589436
2.022903374597137
1.9401541052629048
5.182097132729911
1.19296875
0.0
0.0
0.0
0.15815079938287824
0.13968484858820623
0.14313241278940014
0.0
0.0
0.0
0.022771754535147393
0.0
0.0
0.21058478430552033
0.0
0.0
0.21058478430552033
0.6277111483808053
0.2632935905302165
0.0
0.0
0.02391183035714286
0.033593750000000006
0.055468750000000004
0.055468750000000004
0.0
0.0
0.0
3.6501566487379833
5.8779524567914105
5.146444709861
0.84921875
2.9007625285605987
1.392385317555626
1.5811881867569133
5.53931512743693
1.5182084409163599
0.0
0.0
0.0
2.0539069551953
2.8887895569132755
2.007786344508492
0.497421875
1.5944320225697917
0.34891881644651584
0.3051052603909101
2.95667352872392
1.0811934766689744
0.0
0.0
0.0
3.344509395491775
8.448832372025029
8.779678813133446
0.6865644290123457
3.092326511604487
1.4993612231472335
1.3878646625841093
6.837601852623647
1.5776813257698632
0.0
0.0
13.757213024606859
0.0
8.629897740886513
8.915771282318701
0.43135866866438355
3.911282394994585
1.9981628566335932
2.14198792167402
6.282312349940039
1.3357716962994726
1.0655102198020516
1.025943826585947
0.0
1.3385752068870365
4.162115293446516
3.9503976756942407
0.5172857765510247
2.9905810584004997
0.7642391067043962
0.5599747597781018
5.0528044118542255
0.5308401472411752
0.0
0.0
0.0
0.22613630542468038
1.562729215960133
0.599327377421837
0.08203125
0.0
0.0
0.0205078125
0.08203125
0.0
0.0
0.0
0.0
2.8224348058426934
5.878829455491557
7.683864871515104
0.7615924873737375
6.770237178781633
1.3437408809931408
1.5158583853506231
9.816827924152124
1.4953657324220293
0.0
0.0
0.0
1.10264661345693
10.4935687996764
11.37665777638276
1.301408179012346
8.684962259795277
2.280397645298775
3.11427127154882
12.18630002654686
2.4451667482363804
2.92910236224551
0.0
0.0
3.925128711678921
5.995451573360831
6.24939552868936
1.1949279511226805
2.2735357375181118
1.5342674613550167
1.3662487277618194
6.720510547858185
1.2036103924304027
0.0
0.0
16.757560296243085
0.0
8.843749238017928
6.9376584155013825
0.1296875
0.36038146116752073
0.38799603174603176
0.48872609126304645
0.8580518408550207
0.0
0.0
0.0
0.0
0.6376325864989895
0.8887882785793989
1.8717040627067663
0.0
0.7862048784840134
0.05736890246004775
0.05553508111558013
1.0148801623902635
0.0
0.0
0.0
0.0
1.7763019726111275
6.344193312199455
7.164885112372243
0.0
0.6355391383592158
0.3781557255960384
0.35785780678056256
9.13338869322128
2.1855162281309606
0.0
0.0
0.0
0.31814315886026084
0.6126693449114793
0.3159001333769792
0.0
0.0
0.004636324132093725
0.0
0.0
0.0
0.0
0.0
0.0
1.6824389181062434
3.2263400439645906
2.863758446160092
0.08584865196078433
2.340176374433969
0.13135538544841363
0.25390783756816543
5.077268296788342
1.5064114085450695
0.0
0.0
0.0
0.10154842814605906
0.5894458747679261
0.22266328030200933
0.0
0.0
0.0
0.0
0.0
0.0
